600
1124 1286
536 1428
526 814
1105 1197
1231 1260
487 1307
1182 1360
228 1167
422 1005
70 514
902 1188
1172 1362
425 1168
1328 1332
802 1210
1325 1414
199 1399
172 1037
378 1418
1315 1333
601 1390
845 923
746 1384
182 931
493 856
956 1367
45 666
1311 1403
350 803
1159 1399
16 1367
1260 1329
1435 1435
499 970
682 1032
1389 1400
986 1143
1136 1269
1190 1399
465 540
916 1020
986 1361
1327 1345
617 1151
195 1214
660 695
503 921
127 586
769 1215
1121 1264
224 392
26 423
801 1348
843 987
503 1275
793 1064
1388 1438
903 1079
1149 1369
881 1229
167 961
29 824
308 309
1089 1288
1062 1232
736 1240
218 1391
955 1096
517 1394
41 698
507 539
1370 1405
995 1277
880 1365
74 460
4 19
444 894
337 796
726 1187
379 511
983 1349
68 1412
765 1359
824 958
666 1410
141 182
1351 1439
466 1145
1204 1318
134 335
694 1276
1171 1349
1169 1411
1129 1261
753 1287
605 1194
15 916
1351 1397
486 992
554 573
611 1236
975 1240
326 1294
901 908
795 1256
310 1392
96 380
239 738
1152 1242
41 1425
27 492
1006 1315
1335 1400
778 1217
1344 1399
622 1137
913 970
512 1288
1213 1311
1127 1234
774 1239
667 1113
1193 1430
1211 1271
785 868
161 342
591 1256
21 206
1015 1210
82 786
294 297
209 636
1130 1414
270 348
1057 1153
306 593
509 670
1208 1288
15 205
1020 1369
459 975
1094 1358
179 196
748 1330
1053 1431
1137 1164
365 774
1068 1153
826 1386
174 928
452 1314
1281 1391
854 1109
1172 1272
1298 1423
66 934
141 1398
894 1337
200 1360
1264 1356
1368 1371
1289 1414
1161 1369
149 1098
1201 1371
818 945
1289 1318
888 1314
486 625
1280 1354
1165 1418
408 628
432 742
774 806
1142 1426
1122 1162
675 874
97 660
42 939
663 853
590 1242
1136 1254
1281 1297
1020 1430
629 1387
1423 1425
301 860
236 1156
638 857
249 630
938 1016
265 796
1363 1432
1274 1427
977 1302
322 909
650 755
399 1194
352 951
1039 1104
1343 1378
1137 1263
888 912
1227 1359
720 1381
1172 1336
400 1321
842 1357
25 1243
1232 1405
699 1390
1273 1394
529 1328
255 1088
567 1357
1266 1310
317 674
1226 1387
521 1273
362 923
932 1389
829 883
413 514
1225 1280
611 1080
76 539
407 1014
129 554
328 356
1340 1375
779 872
400 453
164 1410
1274 1432
1112 1138
745 789
143 1425
5 925
42 1296
1433 1434
1435 1438
757 1070
134 339
604 1430
959 1351
1357 1386
811 1287
1059 1101
1161 1184
959 1258
197 977
262 1238
620 1189
577 1089
1175 1271
708 1074
988 1017
667 1303
1061 1275
981 1263
888 1264
328 496
749 1237
1430 1435
297 851
1050 1163
1417 1437
27 1132
344 1405
326 1375
929 1353
663 1170
103 1257
508 517
58 244
1048 1119
919 1208
1200 1376
737 793
712 715
332 513
657 1054
23 396
664 911
811 1291
816 832
87 1338
517 1358
1352 1432
584 1438
221 1194
587 681
1424 1440
1420 1433
936 1400
1024 1347
666 1372
138 213
410 935
283 1018
311 1012
816 925
1302 1413
813 969
236 1052
1060 1257
1278 1400
859 1280
185 1274
1018 1326
175 410
605 1101
61 658
1311 1367
1361 1426
1285 1324
159 538
296 667
379 1088
839 857
72 225
250 932
1045 1208
1241 1386
92 561
339 641
1044 1064
1299 1377
1210 1255
225 536
47 1264
520 1423
432 433
272 1241
509 1271
109 1123
161 1379
1356 1391
1414 1428
496 1110
640 834
408 1203
971 1206
1387 1420
1302 1319
1253 1304
1270 1296
758 1056
159 418
1025 1324
54 1207
420 523
776 964
225 1013
834 1338
1060 1241
575 582
1146 1171
930 946
1375 1382
856 1091
579 1072
687 973
548 712
740 857
605 1423
1314 1377
1147 1420
132 1030
772 1011
715 809
1403 1419
1201 1201
14 662
1434 1437
533 1311
876 912
1395 1417
645 943
388 1170
532 1241
1328 1346
998 1263
182 442
358 1029
1034 1406
483 526
1117 1208
1411 1425
14 276
955 1076
23 628
250 1260
546 974
279 596
864 1122
1242 1434
39 1321
265 1246
667 724
638 1044
1192 1426
2 457
770 1403
1276 1292
829 1070
20 346
527 1227
11 1183
353 845
161 1199
142 287
44 1399
511 1098
359 1256
764 1056
1372 1438
134 923
703 1024
1148 1325
1427 1438
4 300
962 1213
459 637
16 339
310 679
1172 1263
1016 1333
955 1013
1420 1426
691 916
18 604
924 956
786 1265
668 819
519 731
526 1150
1127 1157
386 685
656 908
1366 1374
600 732
225 327
297 1410
197 445
3 223
1051 1243
1021 1222
22 1344
909 1006
253 721
782 993
1104 1138
1189 1234
910 1203
573 1222
952 1345
820 1251
1125 1284
25 440
828 911
1172 1356
809 977
687 1212
51 432
1244 1296
122 1125
1060 1389
101 1071
560 1245
604 1043
235 885
267 684
725 749
126 830
158 358
918 1152
932 994
917 1312
1048 1137
948 1082
952 1245
929 1163
1041 1297
859 1129
1187 1274
1341 1354
666 1328
800 1293
722 1194
365 1207
864 1390
1331 1362
202 1048
154 1005
573 1283
749 829
850 1306
1347 1403
815 1152
151 763
865 987
941 1106
389 532
1189 1215
360 673
74 1273
863 1049
46 750
1143 1411
254 315
49 117
491 1134
423 768
958 1105
585 742
299 1240
587 1434
57 674
833 895
735 1027
394 434
623 704
381 1156
1180 1204
219 1064
1351 1392
469 831
696 988
212 991
852 857
794 1408
923 1252
443 551
560 1065
66 246
1131 1373
450 1418
24 344
83 310
1291 1340
160 566
620 843
824 1099
274 1294
540 1073
857 952
40 356
1358 1371
1031 1314
1169 1402
560 669
1305 1375
391 945
608 1320
472 668
293 1147
1420 1430
147 1192
244 1438
827 1176
245 314
17 277
1180 1422
896 1279
1414 1422
949 1325
1338 1339
342 631
1065 1289
1093 1146
712 916
155 1020
50 165
216 1351
1330 1401
1294 1388
620 1067
786 914
485 886
769 1016
1045 1233
36 1203
755 1125
216 380
284 1375
1394 1434
1070 1224
489 821
1155 1202
1037 1300
976 1080
959 1226
1041 1417
262 1043
1387 1424
475 955
1078 1226
1216 1438
910 1080
